1.122301490995309958e-01
-3.984101900047679751e-02
9.756826189952509665e-02
1.640192597995309975e-01
2.207797411995220116e-01
-6.727855940047790251e-02
-2.263165611004749889e-01
7.103681429953209725e-02
1.635639479995210088e-01
2.182699341995260056e-01
1.994647157995219910e-01
-1.621973659004679880e-01
2.926079099952970039e-02
-1.678179142004689872e-01
2.005008779951819933e-02
1.777744470995230031e-01
1.965524995995200086e-01
-2.685763924004759828e-01
1.376627399995269951e-01
-3.589168399004730170e-01
1.194810825995210046e-01
9.911602639952829530e-02
-1.196818752004699948e-01
7.361168419951980013e-02
-4.639691937004780109e-01
2.330493226995289935e-01
-2.377021059004819914e-01
8.986891519953130181e-02
1.802512593995259926e-01
1.271508056995289959e-01
1.805217808995250028e-01
1.410852035995300013e-01
9.040567849952199642e-02
8.422865939952829673e-02
-1.639576122004769987e-01
-3.268533195004719727e-01
8.013606019952139448e-02
3.507064349952319915e-02
1.436139414995240005e-01
9.454195189952939449e-02
-1.203306638004729978e-01
7.480018809953040138e-02
8.228317419953160017e-02
1.324552263995290025e-01
1.614206479995199950e-01
2.295466842995209922e-01
1.129587502995259979e-01
-1.765211986004689981e-01
-2.422236546004800095e-01
4.731624089951939893e-02
1.088222819952019971e-02
3.453098359952379987e-02
1.295815509995320025e-01
6.381415609952509338e-02
-9.861911620048149918e-02
-1.438687280047190077e-02
1.579107321995250057e-01
1.344968472995310138e-01
-2.456897322004749917e-01
2.974079829952809909e-02
-1.951562229004789872e-01
3.051814149952750133e-02
-1.189304250047479999e-02
6.906631169952960614e-02
1.315155759995290108e-01
1.036087765995289955e-01
-2.103555000473990213e-03
4.119741849952159723e-02
1.847565167995240121e-01
-3.479562040004680057e-01
-1.015253704004809993e-01
8.088164009951979982e-02
1.094996321995300032e-01
1.401596080995229920e-01
1.481711555995280094e-01
2.330786597995309906e-01
-1.077526293004780061e-01
8.408403119952370663e-02
1.909528864995309883e-01
7.088915919952400169e-02
-1.576973120047850049e-02
1.307818132995209881e-01
2.502928909952120001e-02
-4.619569320047389738e-02
-1.750976971004689908e-01
-7.677843060047000179e-02
-1.261051560047119977e-02
-6.618219149004720414e-01
3.194289449952240206e-02
4.569350899529919970e-03
-3.217369053004690005e-01
3.009636109952399871e-02
9.179747399528540713e-03
3.181506589952220326e-02
1.537329453995260053e-01
2.860613569951910018e-02
1.141922883995220017e-01
-2.995092700047050083e-02
-3.435009360004809831e-01
7.763200289952010280e-02
4.603690619953230284e-02
-1.999792260048139855e-02
2.123846651995220103e-01
-4.698448889004679940e-01
1.142680203995209975e-01
1.912903995275880081e-04
-1.241409924004699961e-01
-1.280885423004750057e-01
4.875477109952439797e-02
2.412246189952330089e-02
-4.141243560047769973e-02
8.187424899531949365e-03
5.708002959951839761e-02
3.641748779952540260e-02
1.136771614995240043e-01
1.257642847995300017e-01
8.486905029953109580e-02
2.954167229952989887e-02
2.586920209952840027e-02
1.117279817995179975e-01
-2.937335700048039969e-02
1.414188979995290030e-01
-1.891609500047760142e-02
-2.094403010048040067e-02
2.055146152995210029e-01
1.270191199952819955e-02
7.924307839952859922e-02
6.166467995285529469e-04
-4.792524270047240215e-02
1.411159279995219951e-01
7.086885629952630050e-02
1.386847290995230075e-01
-2.361578460004810087e-01
-1.755869305004719994e-01
5.110076199528639992e-03
7.753859469951859817e-02
6.310041499952490085e-02
1.371491089952310040e-02
3.281475699952809966e-02
1.627361809951819935e-02
2.018802906995209867e-01
4.844907339952440190e-02
1.622594784995219919e-01
-5.830067644004800487e-01
1.333105893995280011e-01
1.773300549952239874e-02
4.831092789952150246e-02
1.820029186995240078e-01
1.298753373995250038e-01
-3.287559000469290199e-03
-2.577428853004730125e-01
1.567123806995310009e-01
8.827059969952699703e-02
-7.592239004736709481e-04
1.388593593995179898e-01
-6.165680700476629597e-03
8.051661309951900491e-02
-8.965835490047879830e-02
1.173552239995249991e-01
1.034555388995239966e-01
-5.293046183004720406e-01
1.325580271995220050e-01
1.396200184995279869e-01
1.579478275995289949e-01
6.964238949952060442e-02
-9.147563710047279528e-02
-5.502268593004799868e-01
1.232849558995210010e-01
2.905981819952789882e-02
1.681550871995229901e-01
-2.431500053004780060e-01
-2.382809470004760011e-01
-1.639570160047299982e-02
1.225142368995189995e-01
-9.051692240046810278e-02
-6.981461630047650080e-02
8.607379269952279699e-02
2.023962799952979882e-02
-4.697599122004729733e-01
-1.806153020046959851e-02
-1.194057637004699995e-01
2.450531959952680083e-02
1.735562278995249896e-01
8.347479839952140490e-02
-1.995441300047669925e-02
-1.159395192004809977e-01
-3.195865427004779824e-01
8.844174519953189317e-02
-9.147455200476880405e-03
1.085014256995290027e-01
-1.704920622004809927e-01
5.400593019952280166e-02
2.477748579951820004e-02
-4.602047865004689764e-01
2.147943862995309872e-01
-3.495101049004750160e-01
-1.135163510046770068e-02
-1.356434959004819973e-01
-2.430745044004679889e-01
7.791054499952569656e-02
-2.226542635004729875e-01
-4.598015026004699801e-01
-4.804177550047940282e-02
1.541789629995239941e-01
4.796904089953100275e-02
1.167832013995279972e-01
-4.081173711004740245e-01
-1.066800209004700045e-01
4.802660139952760060e-02
-9.986712700481350027e-03
1.794996862995220099e-01
-5.941431530047230208e-02
8.398345339952580091e-02
2.113723929952019895e-02
-1.593774059004720023e-01
6.820929579951949540e-02
1.682763105995239983e-01
1.928728699952840173e-02
-3.148230594004819971e-01
-1.970279398004780025e-01
1.034730169952519964e-02
-3.457985439004719885e-01
1.588149030995250066e-01
-6.417840719004740402e-01
1.053817716995270048e-01
-2.090725874004699947e-01
1.895538699995290011e-01
-1.254628126004750099e-01
1.075558704995250026e-01
8.402720109953069894e-02
-4.850026960048130220e-02
1.632312886995209988e-01
-3.590247810004710272e-01
1.234200132995229987e-01
7.113709709952330262e-02
-2.307486208004690120e-01
1.502432479952629969e-02
1.584401919951970023e-02
-6.384417500046879468e-02
-2.203749631004680021e-01
6.477210079953009403e-02
3.574761439952570119e-02
-3.512534670004749948e-01
1.276772843995249984e-01
8.491240829953029812e-02
-3.136420627004810058e-01
-4.050320240047260156e-02
1.572399162995309907e-01
-2.744983261004709796e-01
-1.549679964004720134e-01
1.166915796995200011e-01
9.458551819952279449e-02
1.138475438995240063e-01
1.358666350995320071e-01
2.095617559995300028e-01
-7.509151420048000569e-02
2.131491089951960058e-02
7.430123995249010441e-04
6.036069129952179729e-02
-1.282169362004740021e-01
-3.584211920048119976e-02
-2.109490333004800100e-01
1.082886363995209933e-01
-5.763300004701930098e-04
-6.458524500473569914e-03
6.478507299952700194e-02
1.420120918995310122e-01
1.946776889953130002e-02
1.502502530995289964e-01
-3.288445038004679799e-01
7.726315759953200635e-02
1.265900069952860009e-02
9.858713619952649831e-02
2.742055089952090061e-02
6.655379919952510159e-02
2.145716995300970046e-04
2.512416739952530106e-02
8.750357769952189779e-02
1.418431791995259927e-01
1.600200608995270002e-01
1.533809381995180077e-01
9.803332449952510685e-02
1.201144330995310011e-01
1.760906759952260078e-02
3.286249949952949750e-02
6.389379479952600471e-02
5.494264649952639717e-02
1.758434999995300008e-01
-1.081258070004759986e-01
-2.598218918004699951e-01
2.273365207995259873e-01
1.333218529953229987e-02
-1.110420118004779994e-01
1.480760169995249953e-01
1.274388132995200040e-01
-7.806509330048069795e-02
-2.080288929004719956e-01
-8.121770970046779392e-02
2.572602539952130105e-02
1.940613673995270072e-01
1.195491097995220048e-01
3.012146719952110002e-02
1.097258473995310069e-01
-7.975703520047260076e-02
-1.010061025004769936e-01
-1.713489681004750076e-01
-7.018631960048080098e-02
1.208607721995210021e-01
7.825610479952159471e-02
1.392977696995250092e-01
5.730741559952440278e-02
-1.893966129004809873e-01
-1.546584927004769905e-01
1.928616759953169849e-02
5.453097299952960192e-02
-4.495821742004719734e-01
2.331215491995239919e-01
5.279467699952530152e-02
5.276418969953060312e-02
1.043107665995249983e-01
1.765730245995200121e-01
-7.935775781004680285e-01
1.524637989995200060e-01
3.296069939952420147e-02
1.883968959995309944e-01
1.238248515995220012e-01
1.416895745995249978e-01
-1.552318953004739877e-01
-3.351887756004710006e-01
-4.781333670047160228e-02
6.664386859952739495e-02
-6.509830210048049570e-02
1.519464616995239992e-01
-3.203970185004719751e-01
1.452651529952220071e-02
-6.310464179004779961e-01
5.425019799952220112e-02
-2.575116106004740058e-01
3.113043069951969971e-02
1.693680503995269870e-01
1.462997155995250098e-01
1.651503085995220110e-01
4.382574869951839924e-02
1.195654019952029946e-02
9.069528289953160405e-02
9.054303629952190069e-02
1.079938376995240035e-01
6.237647499952460317e-02
1.551838879995270093e-01
-8.790350830047090336e-02
1.502062548995299895e-01
7.450700699952510220e-02
6.320429599952599731e-02
-5.995159490046830103e-02
-2.776916023004790124e-01
-1.969119340047599878e-02
1.576087779952220144e-02
2.040703749995320115e-01
-5.428941719004709565e-01
-1.850761087004710037e-01
-3.881147853004729975e-01
-6.169320870047560051e-02
1.966371274995279972e-01
1.098036695995290024e-01
1.407898588995240008e-01
9.213557319952769831e-02
2.896948599952510126e-02
1.711308990995240031e-01
8.189317469953040496e-02
-1.876206227004789950e-01
2.588663496995309843e-01
8.093222449952010289e-02
-2.774036435004770262e-01
1.006958159952379972e-02
-7.770174350046940570e-02
-4.293664634004700220e-01
5.079882679952160002e-02
-1.131796015004769979e-01
-4.048362172004689730e-01
2.284550038995259991e-01
2.927730819952499910e-02
-1.598075734004709980e-01
5.037781839952520241e-02
8.068304789952659983e-02
9.503858679953229582e-02
7.371665339952930551e-02
1.615134395995309891e-01
1.745986719995190062e-01
1.233138716995230005e-01
-1.482877022004769896e-01
-3.445343343004769743e-01
1.624931038995210131e-01
8.514878419953220146e-02
-8.487792690047510358e-02
6.083698249952360082e-02
-4.308067000479810262e-03
1.504693333995280047e-01
-3.212542946004789957e-01
-9.266352400473470627e-03
2.713989309953039955e-02
-7.793344620047550075e-02
8.387506399529339601e-03
1.776225169952280053e-02
-2.176252991004760107e-01
1.530375462995290092e-01
1.146206583995310058e-01
1.565497586995260038e-01
-6.211683160047699881e-02
2.089945460995319970e-01
2.144255155995299922e-01
-3.415020009004759993e-01
-6.508365620047129596e-02
1.766771831995299913e-01
-1.749604630004739925e-01
1.105870960995219976e-01
2.121450839952390005e-02
1.124444463995220023e-01
1.801341142995200040e-01
1.525899779995260053e-01
1.736414866995230066e-01
7.758970879952190036e-02
-1.200575684004689947e-01
-2.213926570047420120e-02
6.675896029952360644e-02
1.389416866995250022e-01
7.313278929952110596e-02
1.815616587995239894e-01
1.287625295995269981e-01
-1.356539506004710016e-01
-5.275023400471919727e-03
1.331330717995199975e-01
8.912257999952540033e-02
-2.933290934004729733e-01
-3.246507804004750142e-01
1.104767856995319958e-01
1.171717124995270004e-01
1.984525329995250054e-01
5.308213959952470112e-02
-1.366671510004809909e-01
-4.584756993004789893e-01
-3.329933990048059705e-02
-1.253719981004760009e-01
1.636644766995229983e-01
6.129978729953219907e-02
1.208574088995249957e-01
1.037524968995310048e-01
2.042470554995219900e-01
-3.238566380046849907e-02
-1.199224778004719938e-01
3.213110689952709820e-02
1.908958876995260068e-01
-1.220462087004680063e-01
1.603849058995190091e-01
6.567456729952429739e-02
6.265826429952879584e-02
1.485442150995200106e-01
7.788777769953020291e-02
8.015346569952440381e-02
2.934338429952279906e-02
3.245366109952389777e-02
7.483396049953229545e-02
2.133526029995209961e-01
-3.605056959004709904e-01
-1.686251439004710084e-01
1.923983424995300007e-01
6.833097929953170502e-02
9.611985419952870369e-02
9.125886719952799875e-02
-2.588698620047579987e-02
1.131070053995270053e-01
6.042719359952290065e-02
-1.033348670047470018e-02
-4.724943978004749745e-01
1.811088261995200122e-01
1.667982938995319908e-01
1.459689681995260113e-01
-2.771591796004739816e-01
9.475847169952089644e-02
1.345631261995240135e-01
-1.879532597004779926e-01
1.971226999953050105e-02
1.538873109952020035e-02
7.819434339953089397e-02
6.537420199953200561e-02
1.230784555995260016e-01
-2.287905120047640031e-02
7.984401219952989848e-02
8.211249149952949689e-02
8.938193909952470151e-02
-1.000991026004809936e-01
-2.281109937004690003e-01
1.831930294995199882e-01
4.916306399952929951e-02
-4.073696530004720096e-01
8.186348569952879572e-02
-1.449511740047169928e-02
9.991917599953130391e-02
-3.762847016004680079e-01
1.692055869995240103e-01
1.095944174995220066e-01
